Generated Numbers:
603
5556
5208
2377
1155
6894
5502
8787
3767
1525
807
4251
4676
4009
6038
5644
5673
4176
3782
9214
4282
2348
3129
7253
2651
5403
3124
212
6018
5054
2822
7483
5614
7868
3918
6960
3689
8538
9886
9472
6269
9603
3689
7534
242
3807
7985
9622
6695
1557
9031
8473
3362
3587
5356
1075
7451
6810
7936
9938
252
6103
4236
508
3687
149
4314
1771
6404
8894
7167
2795
2541
3566
9730
353
7154
9370
490
8507
6833
707
2740
9765
5358
9352
676
2024
972
1
7078
9067
4494
3223
14
1945
3224
6652
148
3993
5938
7546
8237
3748
2297
7681
7220
3571
601
1391
316
975
3615
1187
7290
644
6936
4476
1068
2614
8136
5061
4619
7732
8890
1658
3582
1966
7237
2673
2145
8955
5310
3622
5543
5282
7941
7741
6662
5588
5556
1393
8978
7848
6095
5581
8702
5409
512
2176
8126
8702
262
1871
5737
8872
4669
6889
5916
9144
6272
7066
7943
3808
6416
5725
690
7911
8041
5008
3832
4545
7047
8733
4279
308
5649
4834
2901
7920
6575
9792
1353
1894
9545
1555
3436
8660
6708
5618
1376
7631
3727
5539
2275
3773
1474
2651
4420
6695
8329
7155
6991
5295
5306
1535
3137
1884
2305
7843
2809
198
6814
5083
1352
8531
3607
526
6541
9216
5254
8790
3517
8647
6598
6289
3002
1041
5809
7873
7370
6136
4644
799
8228
5751
9474
1790
7983
8064
946
8545
4313
2513
88
9400
7518
5471
1891
3373
9816
6570
5259
1873
819
3633
3829
8111
236
2179
6894
1654
3583
9753
1568
2362
9400
5702
5864
1241
1243
5996
6922
7824
7590
5891
193
7899
4622
7935
1210
4774
3398
3405
1821
2807
7044
7692
4683
8269
7802
9714
5050
5663
5142
4004
6128
3642
6868
4396
5133
9184
5943
1381
7693
3620
5763
3861
982
2378
1679
8400
981
2584
1570
9665
8104
6293
7275
9032
7742
6261
7085
253
4350
9844
1687
598
9740
8356
9256
8522
6453
9656
8629
2134
5532
5441
8862
7851
9314
8715
9674
9091
9403
3111
1568
122
7367
7657
5160
5901
1318
3241
4593
5966
3798
4849
7964
2319
9337
9110
4596
2486
6187
6409
3014
3870
9530
5955
7464
9163
4737
3617
4661
9953
8345
7623
6983
7607
2538
4830
7837
2094
9646
4250
5697
5033
3464
8326
8516
4219
4071
8228
259
4861
120
8450
4556
9392
7296
8000
515
8155
2194
7598
776
1879
5456
1745
5180
7946
7980
4996
4920
541
7209
1344
3904
9607
9992
2715
2982
2516
65
1672
6514
13
8365
2855
3531
6704
8328
9570
7592
2116
2669
3866
4578
8633
1722
1341
2886
1273
6717
3243
5144
2459
2771
1531
5755
3807
8465
9989
8577
4626
9185
9530
2446
6210
2112
375
2210
239
9283
203
966
5497
3931
6491
1121
6052
9294
3566
2265
7605
1309
4145
5418
9127
7550
6895
237
9278
8749
8048
9955
194
91
1504
5764
5938
257
1349
8737
7956
7943
8590
5486
3592
1859
4019
6456
6601
9738
9400
6916
9139
9794
6841
6370
7005
8203
7339
5772
9290
2588
3508
4994
3349
938
4195
2490
5193
1471
7132
2311
6911
7188
5719
438
9253
8072
4738
2266
3698
3399
2798
4274
3439
2888
2604
5077
7114
4885
1570
6088
4260
5617
8752
1628
6649
594
5456
816
9677
89
207
1476
849
6151
1139
8795
8644
1114
9493
9332
4938
3243
1480
4241
1566
4551
6662
1427
2646
1522
5358
4028
418
463
4755
3609
7969
7817
605
337
5345
1293
6015
2431
7877
7954
4541
2615
487
9377
7853
4728
7282
560
9877
9030
5768
3486
3252
8091
5683
4762
2873
8171
1980
2026
8646
7391
2682
4131
4465
6711
7010
6907
4104
2062
8092
4238
1570
7079
4083
8243
9435
3153
8364
8366
2703
1594
9540
8405
9289
2917
9141
1886
2473
2222
3166
1924
1227
8935
9179
1355
3248
8000
8358
9791
8277
3282
4007
5874
2634
717
1687
2648
7735
8747
5531
5344
9317
3908
613
8576
7965
7187
923
8034
187
2230
1501
7303
1365
9179
9173
5311
8794
8988
2551
5757
2463
470
2184
9796
5556
6307
8825
5071
10000
7674
6727
6922
7731
1675
6200
695
4647
266
8964
7685
3821
1069
6844
8004
184
9506
7514
2892
2206
5168
1625
1466
7072
8409
2211
5917
6512
2761
5512
6344
4179
1115
5556
6655
6465
7246
5610
498
1901
2542
3649
2840
9670
2932
5951
7716
4114
4248
3911
2241
718
5790
4984
4246
8845
5471
9550
4294
1810
115
3001
6625
812
5820
2667
9412
3708
4569
8457
8290
6138
5927
7110
8651
3794
2055
5073
8233
8862
200
2444
9892
7409
9140
4643
70
286
1220
5710
9136
6958
7702
5242
4882
9290
2683
6235
6226
1931
1232
8845
572
9020
3870
5994
2152
5769
7479
5368
3333
8866
9823
6869
9644
6943
4784
7646
6248
3345
4054
7988
8595
2331
1751
2706
1901
3722
2904
2059
7025
3171
2402
4766
6421
9311
7950
7347
3614
2793
5900
2051
6749
6156
4901
5917
8864
8430
9567
9855
5419
8938
3147
7943
3961
2269
6024
3407
2857
195
3183
2171
3766
4986
7727
6533
1964
4469
5893
3315
1372
7865
3683
1037
2492
3947
8400
5857
962
2239
813
6052
5394
9115
3487
2951
9319
6591
3069
13
6063
4242
5437
7030
5162
6752
3726
7583
6592
536
967
6757
8674
9260
4813
3183
3123
729
1599
522
6385
5378
5585
2578
828
6930
9641
1339
779
5982
1364
4582
8985
3175
2705
7781
1606
920
4416
1693
5839
375
2594
6427
2207
294
4832
3632
8162
7748
807
8630
9842
2493
1508
5189
4719
2523
6946
1201
261
3917
8750
4459
5302
7757
2419
4574
2695
4028
3387
9511
5283
2655
7033
51
1023
2372
8863
5170
6352
6540
3158
7986
8508
4385
3346
8357
7381
4252
5725
131
576
783
2488
838
6117
384
9950
9551
7387
5957
9624
4097
9216
8204
8004
3733
4333
8253
8185
8275
334
8945
913
6891
3004
6990
1731
7264
6093
290
8555
923
6741
399
7628
452
2877
3830
105
8037
3306
5076
7208
6785
208
8444
2888
4694
7612
4870
2264
1108
6732
4981
8959
8780
9178
7997
5545
7106
6035
5725
3943
3347
6515
7246
2753
2506
2098
5413
7692
8989
4885
9241
9787
7423
9404
5606
7914
7455
9999
671
5798
7638
6226
9408
3903
9477
3051
4448
4523
4465
4400
785
2200
9900
6871
8129
4474
5476
6873
1173
8179
6934
7766
3042
2231
1474
593
4599
8935
4831
2730
1470
6246
5693
9331
7253
2366
778
4105
2213
2509
5659
6072
7691
677
718
3992
9675
6947
3882
5541
7024
1521
9010
3509
7336
5915
966
1462
3304
16
3656
9291
1167
2556
8539
1992
6465
3981
8615
8066
7686
3268
859
3160
7082
1914
2500
9421
4465
9109
8396
9460
4972
4205
1472
3527
7629
7194
8294
9881
7901
5387
8373
2794
1197
7842
5993
6684
2061
2821
1815
2181
7286
8003
1814
9238
8269
226
2783
3710
6898
9438
7685
2901
5430
9827
1928
2323
692
9432
9367
3963
4388
1955
9818
922
8962
9343
6081
7813
557
879
6000
9742
7267
5185
7804
2922
1829
976
246
7729
9049
8716
5337
8826
6915
3796
7004
7034
8482
2109
9878
289
1960
3503
8066
6113
915
1692
7820
1248
1913
1432
4648
6102
248
9410
7646
7759
9144
2102
1169
8260
1670
4232
9232
1610
2061
3916
8119
6167
6172
3572
9380
9640
3367
4378
7682
9555
5701
4092
9445
6753
4259
8665
3435
6282
126
260
4649
8095
9911
6845
6879
4080
7227
3327
4412
9586
5560
8585
7855
8176
6273
3822
5020
5817
7977
2445
3008
6756
1614
5968
7652
439
5805
6290
4883
1297
9831
3712
4595
9747
1860
5742
5986
9285
2170
2992
7065
6418
1293
1126
2353
8334
1085
8184
7899
2799
9484
8532
9504
4268
2205
772
6404
2162
279
9293
6906
4284
9148
5258
4667
3928
809
7459
4566
288
8098
884
1162
26
6288
1290
1878
6706
423
9264
2706
3263
6941
6423
5600
3023
1692
2132
2430
3774
4199
5670
9317
4065
7547
76
8536
4151
4172
4681
4902
3589
2818
3279
4290
5217
8858
194
9695
4445
8893
533
613
6316
5053
5158
2094
1743
832
3589
231
2059
414
2055
5838
1337
3002
2373
891
7132
2632
5869
7536
6651
2279
3143
5169
285
6677
4447
3585
5612
6738
3838
4971
3990
8524
3730
4948
7362
2422
8472
1054
5337
3779
2849
8570
8348
455
9414
1242
9569
4435
6666
4689
3741
3581
5866
5796
6156
6107
1840
297
4352
6445
9485
7993
4217
1605
2030
5968
334
7828
5708
9759
7363
2064
9785
5901
4348
5400
1280
750
2937
3843
6441
3752
8123
3890
8421
267
3126
5321
8385
2113
5971
1625
2769
8030
4948
6846
9653
8177
416
6581
3912
2019
1214
4309
6269
9295
499
6524
2344
5947
5058
2030
3511
9919
1923
470
8010
6097
6210
5931
4637
9302
9840
2861
6721
5924
7890
3062
9432
4390
8439
8581
6284
8753
4087
9626
7267
1595
7932
6154
7281
8453
4201
6932
9243
9140
2272
7676
6375
828
8072
7170
9126
2155
6337
4353
7741
2389
7247
5941
8169
9199
9044
7702
1845
6475
3946
999
1189
7088
7202
8881
8146
7120
9838
1354
7259
2555
7793
2385
4851
1772
2247
8302
6353
1615
124
9697
9365
1151
3202
6090
4690
8885
2820
7629
4481
4505
4639
1424
5443
3703
9391
5152
4138
1005
8368
7574
6268
2250
444
6541
9247
5064
4656
4571
5795
4492
8722
6290
4485
9502
8649
7934
2903
8727
3590
5856
3504
2698
5270
7654
3341
4898
5194
2786
664
8805
3862
5372
8671
1870
9507
8278
3692
5946
716
4792
7827
8869
8458
3752
6782
4
178
5622
8830
3363
2603
3673
8390
9999
7589
7938
3988
7238
3951
9893
4691
579
2200
5901
7744
5572
7450
2820
3105
7817
6835
2704
5839
7703
9994
5689
8233
6158
7005
4417
3621
2622
5178
3106
6521
7425
1335
7373
7955
2724
9817
8846
3693
5130
4555
2180
2978
9249
1169
510
5850
5403
3075
2213
4282
1484
458
6189
2681
9558
149
8276
2843
8144
2476
2544
5794
8694
7254
81
1689
8651
9166
1004
5436
2220
4585
5241
8643
1323
3329
9678
794
416
8949
8198
733
4611
9475
9555
2609
1906
1899
4405
1504
6154
7042
2433
1489
329
9966
2816
7458
3737
5930
5389
5875
6369
44
634
3641
1739
6349
2658
7338
4112
5564
3310
7513
2491
2953
6287
1861
1135
4088
6555
6520
2458
7154
1830
8699
4879
4843
2928
4223
3733
1261
8109
4883
3850
1010
1927
8760
6853
8571
8821
1128
8993
6780
8692
6188
8447
6946
7247
7307
4366
5231
5238
5218
700
3214
6908
573
3892
2575
6520
6288
4261
1832
3811
9944
6920
2688
2468
2258
6624
4186
2730
8899
4779
9566
6262
7119
6460
3854
4745
3688
2289
4255
6089
8453
9178
2827
324
6154
3915
3817
6191
5428
1788
3282
9101
445
7073
9414
7328
2438
3935
6544
361
7216
9430
3452
8119
1830
4228
3385
5529
2043
9690
9037
5268
5491
2231
6706
7317
6708
94
1266
7844
6502
8553
2715
3517
333
4798
3834
1561
9188
9571
492
4872
4212
9514
9237
4536
8031
8029
9286
4569
3045
2286
1551
86
6155
4634
3338
570
6016
9924
2869
1111
4321
215
1064
675
7266
1011
2214
5853
6804
5368
8038
8952
3166
8066
4094
9157
7091
2534
3504
7812
5047
6268
1554
1250
5444
8442
3784
4840
4175
9698
9650
5075
5597
9344
7765
8233
4443
5397
3203
1769
1808
78
4028
9544
957
8498
7000
3536
8812
5389
7690
4007
771
9232
7472
3780
8213
5603
8706
9862
5523
2275
1829
1194
3417
6264
289
4154
532
1368
7047
1875
9939
5654
1287
4240
7314
2173
9117
7399
4807
3174
3018
600
8647
6841
7557
9052
7101
4169
4293
6162
1605
9980
4398
3552
7400
3289
1947
2839
8283
4366
4310
5565
4342
1377
9238
695
1222
3314
5858
9091
2820
6574
474
9736
5062
9523
9303
7812
9633
6019
6231
6381
3916
796
5460
3767
2407
5705
6036
7544
5665
6771
7931
7627
1262
1945
838
7508
8906
2982
8961
7546
2659
4275
1786
9425
7601
5686
6123
1585
8731
7683
6073
8060
679
7290
4088
4126
9735
964
1991
4390
1226
1507
4255
4612
9594
4330
2964
2267
6122
9768
7658
4951
5579
1413
5356
6495
7129
3116
6583
2539
200
5421
5288
8763
9803
7228
7082
908
2369
213
6525
6902
4394
9020
1735
9901
8610
4335
1625
37
2557
7422
8139
4194
7053
6913
6979
5812
2515
6977
6782
5494
7843
463
563
1840
4917
9097
4411
4150
7069
6996
8151
7375
6055
9064
6869
3366
5920
5518
8083
8500
4093
5933
8585
902
7366
5624
4070
562
7511
7318
4629
3637
5902
1635
2647
8703
3186
3909
7364
2530
5541
8447
1946
1168
6010
6153
1643
2618
9339
7025
7916
9212
4867
1070
4301
1126
5249
7830
992
8393
6445
1295
9439
2955
6311
1917
3856
8102
7529
645
6365
4959
574
7409
6643
7552
8338
5461
5528
6202
2304
569
3839
9286
7246
3985
4971
4534
8625
3555
5915
1424
5283
8816
4785
9677
2478
4976
5743
2276
9449
1916
1038
342
1924
2219
8095
6151
6931
3998
7942
3330
5311
7959
9975
7455
7037
7828
9379
9085
4798
5190
3338
6735
7313
5970
7376
9564
2379
6319
1915
1580
8183
4983
3267
8579
2349
7922
7325
4501
3223
7736
3446
7294
1863
1457
7386
9707
9039
2856
9681
4991
5052
263
4842
7224
611
2914
686
9037
2359
2192
7945
4704
6948
448
2906
7304
693
3591
7520
8209
1908
3321
8699
405
6910
3334
9611
126
5576
2993
8062
3354
6805
2623
7109
2468
9488
9998
5243
9261
9649
24
770
4267
3070
1770
7056
2106
5319
6600
6631
578
9202
2768
4650
6294
8846
8754
1566
2852
6990
6606
8969
494
2570
6321
9144
5662
4384
1159
2146
6774
1561
1835
523
7740
7632
94
1232
6127
4702
7297
2020
6160
8526
4365
5788
617
217
3305
1604
9976
2854
9858
416
298
938
4645
8046
3569
2610
7996
6310
8835
4096
5536
1583
1218
3713
4672
7320
8537
567
9371
6545
8895
6049
4783
5816
4681
4337
9271
1370
6720
4768
9977
2936
5663
4942
4231
8337
8796
3308
7478
1007
3993
4127
3435
1293
1077
4221
6569
4380
6227
5665
7852
1880
9880
7202
4707
8043
2558
937
3850
716
4707
1971
4023
6924
4805
9762
7434
340
4503
9578
8125
9380
6476
9619
5839
5548
394
5290
3608
9732
9974
943
4908
2912
7214
346
7975
5622
1010
8853
8391
2416
4713
5798
2705
3221
3810
8908
7582
489
1848
4537
193
4861
2338
9548
5728
15
9565
9359
1747
9535
1321
3321
4119
8150
7416
8286
9532
6624
793
6914
7678
1055
9572
4515
6752
3505
1512
65
5752
7212
7581
5101
2763
3041
4847
915
4678
8033
4306
4292
1140
975
6962
6201
4260
6798
5813
107
704
7443
5773
4658
9026
7196
7888
6736
7969
2604
6734
7
5589
7758
5005
8036
684
3227
8727
5449
2727
7280
7298
6545
5671
5245
1594
1201
7658
3995
8397
5406
2450
165
9863
255
8427
7226
1430
8560
3119
6574
5883
6313
2030
7349
7337
3413
6136
9404
4710
5440
9949
790
4431
781
5186
1968
7352
7267
1074
429
9243
6697
2351
3140
4644
6873
4321
2392
4363
2775
1855
3273
1133
5510
2069
2948
8008
2691
7375
6543
399
3159
6712
3573
6197
9939
3006
2617
9626
5371
258
8906
3776
585
4037
9181
9160
3816
4506
3583
5307
1086
2677
3425
3992
8297
4833
9921
2100
3441
8563
6299
7501
349
8868
117
7817
9301
4030
8680
7473
3581
9523
7793
2597
4701
6547
6414
6306
9198
8435
5370
7133
9434
1065
865
8450
9303
8171
5249
6617
5088
804
6836
3613
3977
3820
8287
362
8678
418
3368
9992
3259
3094
8927
5895
5204
213
8640
6974
845
7586
3628
1557
4425
2181
8218
2839
8080
248
9303
4956
5186
6147
2192
5593
7783
181
5132
3230
8550
5059
3039
7196
8166
5539
9000
2373
1653
6994
4658
6904
1894
6663
9551
6408
9205
9558
3228
6324
5684
5322
4330
9047
7359
9504
8175
3154
1946
7774
7740
1858
518
250
75
1280
4057
4021
4351
1300
4529
4102
1295
7300
4751
6870
994
7008
6329
1384
4957
1983
2603
8961
1588
5549
4792
9821
733
7638
7355
9714
8871
8693
9006
3034
9638
987
9075
2778
2066
942
3728
7745
622
2694
247
9621
4162
6972
4492
3986
4499
8460
3660
9460
9977
1712
7258
6262
4538
1092
6078
1954
1035
9594
2440
9530
3334
9571
7532
7513
3378
9024
6755
3432
757
548
1133
6977
2825
6782
1249
8197
5638
3424
9823
8543
6364
3785
229
2163
4174
1489
1183
8808
3538
768
6319
3671
9512
3223
5947
747
1459
8603
8127
7547
9491
8626
2787
756
2523
7358
2083
1735
302
7100
2350
5890
7847
4306
6352
1835
9290
4863
503
7129
4584
3373
3071
1808
4641
8190
1960
3320
5344
4442
3985
3128
1407
8090
129
8825
1859
707
1086
9376
132
8780
6126
3633
6690
2561
2410
1562
626
4080
5869
9019
2954
8104
1759
897
8835
4536
9059
9235
8766
5519
2397
1774
8718
997
7692
4860
4633
70
4866
723
1042
4926
4859
2012
3690
7325
1610
8505
4521
7524
3703
8156
6556
978
8183
1401
6229
2975
3575
3370
7046
8607
4582
9351
1717
7078
9686
6907
1332
8754
4044
3093
5481
1020
4881
7913
9335
2477
2791
3991
9888
7883
8854
1447
3878
274
1693
9817
7075
118
4981
4344
8530
3804
2616
1707
1662
5063
4297
2683
2710
7295
8598
4212
6456
4881
5969
4483
6116
607
5172
1954
3722
5580
9079
8694
5471
1668
246
3378
2167
7779
9452
9927
4254
7519
1308
9641
3962
405
3112
2522
9352
2008
5267
8738
8427
7751
9195
9250
6662
3817
471
3573
6139
3681
1082
8066
6885
9035
9525
4580
3951
7458
9401
752
7926
4404
2915
1979
3321
8518
9410
9065
5496
7332
8834
6774
3441
5780
267
6548
5972
7564
7824
2761
2566
8022
475
2045
6154
2253
4074
5531
2989
9907
91
1729
7060
7326
5473
2275
4895
1141
4224
8992
7150
1042
8402
3452
204
7252
1246
1427
459
8464
5942
1989
9140
3484
8300
8563
3684
5373
8108
282
1699
5122
5072
6007
1223
4898
9329
7703
903
7292
6215
2600
8687
1411
4480
7182
8101
1694
7763
9317
4265
5096
3301
3480
601
116
5961
8653
4189
34
6475
7009
9937
3962
8793
2052
5649
5560
8220
2493
2358
5995
579
8961
8529
5330
7252
103
9410
7529
293
7847
3030
2551
6596
3274
5640
9802
8232
5578
1723
8962
6411
9988
5715
376
7301
5951
4773
60
6746
202
8748
9737
9022
1715
7788
4977
8038
9277
8272
9145
1295
6426
3739
267
2643
1298
8720
3356
7525
4902
5426
4516
2805
4955
4367
7987
8441
4025
4795
9878
4358
5582
5352
8431
5046
4810
2233
5228
7756
622
409
1244
3574
5591
1872
6325
4878
1090
6733
9947
8362
1977
3982
3812
4856
1426
7882
1521
5239
5106
4174
559
6873
1971
6253
6059
3297
7597
8538
8681
3756
3712
6346
2083
7554
6547
447
5100
1260
4706
7797
9560
967
135
4932
8845
812
154
449
8181
1071
4086
7500
6929
7537
9887
2555
4843
4210
9653
5751
8034
2114
3815
4397
8210
2109
1493
7826
8111
2738
8450
4972
6437
1535
7823
2313
9043
6522
1878
4861
6800
5086
4118
6695
9119
4710
8021
6632
8797
1543
7912
8211
6865
5717
8302
3249
7193
2858
654
2316
1359
7399
3887
7592
2912
7050
9432
6860
9242
9662
6288
3082
1986
1498
8729
4499
1104
7237
9441
2713
3161
2527
9803
6972
5725
9932
4832
1869
1115
1339
5192
2341
7115
8622
6515
2332
3913
9384
4790
2284
8642
7635
2990
7688
8028
7610
6694
6519
9547
9730
4404
3130
3861
2184
6931
9937
549
5143
9311
4357
4887
9355
2494
9326
6429
9835
7015
9871
7538
7830
8831
1451
6699
3891
733
2058
9926
1869
3167
3610
9225
6304
1387
875
9769
7653
675
1234
8726
8488
4529
3932
6335
5676
8379
4449
1489
7208
6607
1570
5715
4607
6311
6916
3421
2301
3397
5133
3951
1273
4270
15
2894
1951
3974
3072
9546
7097
1521
9520
5472
7848
6065
456
1242
6676
1823
5206
6322
4514
3864
3437
7361
2463
8454
6025
8003
2400
7338
4136
4341
6483
9530
7707
9576
8117
823
5411
6510
4056
1306
9289
2023
2538
4861
5833
4944
1382
8052
1373
3943
3232
4780
887
505
6641
3840
9215
4831
3444
3132
7219
9607
9341
1598
8752
6889
7684
9811
9343
4261
3628
8542
5116
2988
6817
9994
2950
6536
200
2594
8983
3279
4239
7796
2516
6061
6454
7577
7992
987
5496
7016
9435
363
5859
8035
9841
2712
3279
5670
6420
6868
3019
665
8245
5217
9739
7074
8762
1772
1556
7604
4069
8236
7047
1266
2654
2355
5077
6363
9138
5629
1783
1657
5618
8274
7209
9074
6876
7715
3123
4659
1482
4428
9669
3359
1527
8898
4569
3779
8670
4083
6473
1938
710
7514
2916
9709
57
453
4
9375
8387
862
1488
4196
76
7693
7472
8556
4448
4664
8083
9472
1459
7028
4404
7915
8895
8571
6576
9855
5740
1018
1880
5454
9701
8516
8293
6769
7648
2810
421
6497
4569
4685
6921
8819
3726
1736
1519
9051
6332
8013
7234
3191
5936
4899
432
4991
7171
7440
8410
898
8629
6377
8759
2627
8955
9233
3148
9028
3493
7206
1205
6503
7705
1165
8528
88
238
9087
1417
783
2586
3126
2528
9349
1533
7283
5519
6312
5120
864
480
545
3952
4324
7931
7644
2878
7558
2241
1353
1555
3214
1077
4845
5383
825
7506
801
5451
3608
4058
6356
2359
8307
89
3859
1324
5142
2709
879
6620
808
5234
197
5504
5138
4784
3707
709
6509
5788
5108
9575
6042
9296
4394
6517
2
2477
1724
8894
2124
6292
5446
7091
1696
4065
8990
5374
4494
7059
4325
7465
34
178
3259
5486
8242
6000
4375
6720
1257
7059
3827
5785
4492
2286
2584
548
8246
8682
4039
3087
2887
5124
5818
7936
7868
1143
2800
6234
660
3739
2528
5431
8527
9804
2369
8040
9154
508
5001
8461
5948
6066
8020
1410
1865
355
4314
877
6970
6445
8692
8297
613
9767
982
5397
5477
8485
5495
994
6326
6193
9277
1889
4907
7401
3077
988
3994
3098
5600
7088
7324
3238
5764
2628
6014
1619
1982
9363
7817
8193
5308
9659
6572
9564
8173
3103
4476
5829
5548
6984
8015
9158
7001
1632
3092
3698
785
1664
8479
5255
3702
748
398
8521
800
5447
8967
7771
3090
1837
6236
1115
440
5187
2589
7910
7887
6419
9831
5260
2007
6753
3294
8929
2717
2078
3262
1039
417
5063
1282
1473
2896
3488
9454
8526
8891
1473
3898
2483
9420
6036
6558
2184
9767
5478
2429
6848
5138
2040
1732
6899
1461
2988
7406
9705
1424
4469
1396
6233
7826
7001
6743
6714
929
2422
7207
3956
8604
6553
1403
8428
2362
7701
3906
7066
1136
6662
5425
6213
8360
9622
6690
5799
3783
6482
7218
2163
1085
4118
1394
3579
3737
2191
1126
2187
4316
2597
2638
3833
2799
8551
1469
4596
7629
6732
5517
9218
894
5369
7875
8605
6691
6110
1016
6077
2651
6348
8746
1899
4274
2828
744
6376
1146
3301
1200
5806
4344
8872
5636
4400
3086
497
6091
6791
1533
8745
9481
45
8997
9146
7899
4066
9828
1012
4331
2422
1828
8306
8761
6572
4962
6834
3410
3700
1339
3206
6638
733
1345
9045
9855
953
6097
9497
2812
8523
5799
5537
1370
3152
7109
163
5040
9543
1560
3213
2095
6937
8457
1045
9078
6613
9643
6437
3380
8216
2088
9376
9781
9791
7152
214
7134
368
6694
3969
1932
8804
4078
7698
3849
1328
7103
7965
9536
4844
7920
244
6971
6742
9170
5887
2615
7651
8096
1163
1747
4449
6961
8279
4896
6520
4134
7534
4363
349
2529
195
633
423
8513
2065
2214
1092
4767
9097
3133
1757
7954
9265
2018
5302
8783
4555
901
2141
3519
1330
3986
793
8174
3370
9666
8732
7978
7754
7340
5564
8950
1452
599
9142
6612
5789
4151
1459
3553
145
5870
8588
9681
9715
916
503
2279
1603
3329
7134
5909
3786
2462
6623
738
4695
2487
896
20
7195
4563
9851
7006
7490
7583
7281
1063
7182
266
154
332
9860
7581
1908
4046
2662
6447
4465
2347
6776
9727
7814
2739
2962
9446
3752
2084
9565
6940
6642
3215
4018
8881
8485
59
3396
921
8003
5799
3567
5723
7434
7366
6880
9571
571
4867
4938
3975
4512
622
5039
4519
5367
123
7143
6439
6861
3363
4381
5351
2615
2865
4950
5865
5610
657
6794
371
3404
402
9263
5282
3862
3417
6299
9547
6717
4649
3304
4086
4473
9942
2152
8666
9673
7152
4419
6092
2610
7288
883
7122
5043
6093
4192
7086
7035
8708
8478
785
5313
2234
5864
2
1046
6583
5804
6809
1815
8389
8025
1670
6794
8195
101
8594
2297
5970
306
9540
9854
1838
7820
7850
1534
4902
4496
464
7210
192
9431
9597
7203
1310
7153
8157
2471
4502
3265
3825
3991
8545
9236
408
9527
9954
8851
3509
3543
9140
9219
4968
6002
3399
748
344
7692
8645
5465
4006
5643
4452
6059
4066
9655
8463
2096
3316
6951
5502
8937
3305
3099
2046
557
1275
8936
3546
3515
1075
4646
5710
5320
7467
4955
1788
7348
7975
6498
1809
9207
8069
9272
4362
2961
6998
7571
2779
4951
7497
8130
3655
2435
6488
4793
7682
1727
4035
3140
583
2816
7775
1806
4390
4335
8561
3627
4401
7963
9297
6982
9037
4508
5292
8983
7854
1488
5515
5569
1125
628
104
6332
9926
3798
6568
2615
6620
4417
1375
1684
7123
3972
6238
1291
2089
7155
2246
5157
5817
7212
3127
2819
252
202
6825
2859
5276
1781
60
4527
641
4799
4569
4376
29
1511
2780
179
3554
1714
2121
7150
9470
7371
9679
229
7539
4037
8710
5029
7187
228
6432
283
1186
4647
7846
2261
4795
9605
499
54
1077
7761
2140
6705
20
2516
947
628
7368
5296
2551
4075
2379
4339
7849
6120
700
8917
8646
3275
6272
7489
2712
9069
2094
9397
2159
9803
1898
3325
8172
1901
8878
137
3043
1077
1512
74
3783
8930
6966
4660
1885
2094
4848
716
432
6187
6079
7287
4601
4416
6213
9456
9235
56
8249
6827
6737
3001
7091
3144
1512
5350
9426
2022
1045
8276
2357
240
9730
1872
1489
6383
3292
3906
2763
4157
7763
4201
6707
4325
7519
5160
4143
7856
1482
9545
6332
7920
9807
4058
883
4717
3749
7828
6703
4742
8152
6897
1344
276
2178
2282
5241
9567
5856
9461
9677
1404
6559
8180
7919
3139
8036
4248
8392
4815
3732
8059
7755
3880
1094
2967
8936
5010
1589
931
3397
8535
282
840
8960
2989
4976
3732
8378
7483
7067
7598
7731
8422
191
8645
5935
8297
6506
5673
6577
912
9092
2069
9544
7627
4791
3795
5292
3093
141
9686
6568
6014
6590
3812
7355
1094
1654
9532
7944
3721
3530
236
3262
3497
6997
9740
5423
4655
2792
753
3267
7549
3048
4393
8111
3452
4520
4321
877
4572
5767
788
5040
2654
9066
9679
8841
1382
6572
3034
3529
3259
663
8037
3244
2415
7661
2082
8843
906
4518
549
6823
203
2468
2806
5580
6086
2489
7296
6719
2800
2548
4698
6309
3047
8411
3382
4482
4892
9952
2646
2426
985
2153
4303
5666
9181
4922
4389
5312
7306
3035
5024
3368
5938
2945
2618
7655
9109
4010
499
2576
9428
4661
9632
1247
2095
7597
640
8109
7175
1958
9559
5002
8552
4158
4524
6122
9985
5804
8506
165
5938
9700
257
6457
1630
3315
7503
4080
2109
6592
762
2977
8285
8670
2625
7737
9654
1251
782
2985
5734
288
6410
4253
3807
2928
3925
5305
4156
9681
5111
3780
4585
8651
6361
3585
2548
8712
1920
4393
2189
8537
1367
7641
3305
8604
4906
4163
4335
6940
8181
4893
4452
3230
3562
497
2345
3138
8829
1045
2252
332
2009
8750
7405
6391
5873
1064
6039
9492
3764
4179
1171
1882
5870
4433
7899
7771
6844
3736
5263
849
3328
7148
795
4885
9015
3811
3468
8737
3109
7300
1108
3483
5313
8597
8247
5634
518
5952
8605
7657
1983
6311
3438
709
3356
3434
8014
3345
827
7375
3522
690
8085
4236
1503
6191
7505
3720
2464
1010
7852
5908
7412
5155
9087
3111
8866
7053
681
8700
86
216
5587
4765
9289
5604
2333
735
5326
6315
3128
2075
3788
6628
4615
9452
3066
580
2656
541
2476
4062
3370
9130
4541
4500
2634
1364
4629
6537
9413
2482
2057
8914
7921
5848
6257
3771
8314
4170
8404
8357
1218
2841
683
200
7385
1847
1681
856
6733
2215
1345
6559
5920
2954
4843
8069
5887
2601
2657
5966
1049
7587
5464
9600
1732
7190
635
3703
6982
5570
6817
4143
952
7539
5105
9181
7656
1731
9232
3055
6477
3913
9777
7969
2326
4146
8554
1819
3325
12
9584
8299
3805
4065
1182
4187
2314
3918
6530
4362
5199
3250
6273
7704
4637
182
6624
1938
5454
3125
5818
5777
5816
2936
7726
8520
1614
2657
7988
6295
6470
7974
3894
2171
1112
5884
7898
879
9054
9943
7171
74
2254
616
5679
9635
4542
9771
4940
6445
2250
2376
9357
7
5116
1340
7242
8858
5121
7146
1871
5443
7484
9765
11
1552
1349
932
1221
3431
103
5293
6742
7303
4093
9203
3553
4592
3060
8952
9274
9513
4365
2954
9211
5312
8416
35
797
2449
4072
1386
5108
8054
4429
4393
1534
4385
2776
3696
3266
6926
8932
333
3871
3031
1598
2940
2532
4953
2105
8935
5174
5398
1819
8057
9592
6530
4717
2520
3353
9965
3214
8725
9748
1373
4652
4610
7335
2619
1726
8252
5304
2185
4011
1159
1524
1253
3482
9802
5673
4950
7772
4047
1572
5264
5838
3681
8063
7059
2982
1664
703
2062
1992
5592
4930
6136
6554
2147
2605
8980
5405
5803
3966
6404
3985
8325
8844
231
3042
2772
4772
490
7746
7696
1824
782
3720
1826
8201
6491
4025
8111
8835
8646
2331
3960
5252
5052
8754
7167
8327
1640
5826
1107
5905
2566
1354
6415
189
1517
765
6385
5580
1303
5854
3964
4219
6180
3859
9248
4782
851
1575
5599
5083
2384
2231
6744
4667
1735
8360
3349
8354
9412
8113
9293
8673
3674
979
6790
5545
2996
4614
9593
9559
1739
6821
6191
386
5145
1422
3189
9246
4635
926
2391
6452
6260
3425
8113
799
995
3767
8163
5889
194
4354
6637
2620
6814
2872
3834
585
7102
4579
6215
8697
9090
6593
1528
6931
9580
7657
4739
9768
1570
7386
3063
437
825
5574
7175
93
7002
3677
3540
7332
3286
5985
3569
9715
3879
1960
4359
943
9345
2677
2973
3656
765
4178
7964
8733
8265
9882
3029
3416
8814
300
4456
7918
5284
1972
9250
2138
1873
6475
3253
4172
197
9480
8787
7660
5083
8856
851
9898
1916
2029
4305
910
2983
9705
15
5185
8332
8622
5888
6048
1961
3575
2734
3655
9340
9480
677
2905
5339
7
4840
801
8525
8939
7562
423
5821
3189
420
2214
6143
6517
6335
1995
3929
7592
8488
9810
8194
3232
7876
7860
8740
8598
3516
7417
8334
2902
9071
1745
8913
4279
9883
9314
1217
616
4833
4096
7373
9620
4485
9441
4608
6105
2060
6977
4327
8672
9228
7640
4410
8104
5061
6163
6951
3046
2608
8799
9824
2731
4934
2197
8032
3388
117
9473
6186
8471
9145
7487
3880
2518
3509
9255
2905
6615
6737
19
8621
2526
6520
1512
1682
2142
5438
5623
7150
9209
9773
3838
2752
9943
9039
4404
3102
1370
3280
1988
8766
5908
3647
9409
492
7058
3254
7294
3769
173
8793
6609
6098
396
4543
4763
1415
1195
868
3700
3802
7757
119
7512
3319
8806
6604
1973
9012
7378
4523
1117
7372
5696
4866
4002
5441
987
4203
6036
2157
4777
91
9181
5817
6383
909
6525
7111
5662
7496
7411
8784
239
88
6064
2177
4659
2616
2842
4238
6485
5254
1237
760
2651
7593
29
119
7524
5324
8896
7643
2726
962
4957
6528
6973
3389
2620
1347
6443
9991
5686
2579
3571
108
7184
9814
4704
4409
1905
7404
6323
5743
3637
1554
5065
3564
2824
1017
1591
5912
5527
1578
7363
4420
2967
6501
7013
5568
5014
8686
8169
2110
6200
9059
7600
530
5625
1800
5396
1261
1627
6144
4083
8050
8040
9528
4440
1578
9948
3405
7807
9392
2287
3409
8471
6219
4132
5754
8230
9477
1105
8123
8053
9706
5469
9166
4429
6259
6519
4186
9770
6040
1397
825
6237
2258
4176
6724
4337
7085
2049
4150
5361
7233
149
568
4908
1982
5254
2296
847
1953
5130
4804
4167
5920
3619
5554
2511
1441
736
6874
9250
8759
2153
5909
1911
4366
1425
4299
4414
4937
4999
2158
7186
739
9470
7042
6035
60
3369
8987
8657
3716
3751
8545
3484
3286
7792
7218
8207
9119
769
4613
328
5266
3863
2360
8412
7842
7652
676
25
9416
1146
4758
8479
7091
4949
8341
4578
132
3704
5344
610
9431
8018
2425
1526
2306
8583
6197
5454
1638
4955
55
6355
9555
119
550
1676
8575
8136
2059
2089
7373
9304
7920
4078
5586
1262
8290
5458
5738
6639
7583
6741
9857
8691
1161
676
1212
1472
8590
4229
5289
7218
9595
2196
9092
1643
8045
3395
9982
4021
6806
8867
6596
6799
6183
3545
2608
8168
2525
226
9920
6139
7979
7023
5044
882
626
2896
8473
6530
5283
5419
4505
8962
8470
8411
9160
6007
7967
5623
6579
5468
5755
6811
7561
8995
7328
3163
8232
7751
872
9818
3240
4761
7689
3951
5361
2817
6185
4632
9597
602
2089
2893
9690
5499
4070
8168
4204
9863
9334
2013
4268
6951
3818
440
1183
6004
1349
6246
4316
294
5178
9610
6225
3866
4559
2973
5736
5282
6822
2566
991
5872
1633
8591
697
4848
4539
8414
4511
9830
9728
6747
2854
4720
5928
5061
4423
5396
4705
8260
2076
4083
6383
5579
7563
3151
5422
3687
8206
8955
7919
2138
1683
6737
22
2792
4167
9034
6504
7359
6359
6553
2493
4013
1944
2239
2898
7966
6135
1618
8301
6847
9713
6707
38
3236
5121
6317
6394
3238
8294
155
4880
9893
521
2650
7235
2144
7478
516
3036
2600
217
9516
3015
7166
4902
8336
1691
4768
106
8572
2172
4894
7343
3086
5764
8166
4783
4268
8517
1087
4285
3386
1320
1354
1035
5607
4544
7260
6637
1574
7618
5080
8894
2324
4670
293
9496
2257
5957
3513
2106
6808
4028
7370
1996
9983
1658
2336
7568
9824
3198
2052
7106
7844
2667
2877
4990
1772
5191
8698
1542
2421
8822
9654
6778
1672
54
5479
4123
1007
5771
8521
939
732
7009
7761
2993
5946
5644
3372
8526
6194
5060
3829
799
2768
6784
2091
935
1360
1110
4986
8462
4111
6348
2824
1253
6095
284
6044
2842
9747
354
4963
9957
2009
2788
7155
7673
3039
6097
3755
7112
2796
3862
4473
552
3936
1210
1517
6101
1327
1756
8341
2560
3268
2799
8630
8208
7574
3296
3145
5013
7076
9202
4100
8306
6705
4922
1998
6191
1289
4022
3124
9383
9595
4760
6577
5244
4152
9426
4748
1939
576
3021
1369
4352
3139
1810
8904
6122
6479
5073
477
7540
1711
6965
9541
6781
3156
1487
5873
1679
9748
5338
3214
9687
7479
9648
925
2778
5069
1534
379
9785
6053
3672
4710
8371
6445
8965
8526
4395
9823
1615
2615
4799
5417
8849
1225
5323
708
6904
6373
8733
540
981
6555
6695
4338
865
9557
7891
3117
2374
5081
1920
3373
3043
185
3788
6381
1058
9596
9230
6328
6961
4864
8657
3716
796
9296
7288
2332
3460
5343
2520
8051
1803
9245
1771
4729
1311
699
9358
7372
6939
3411
2429
8464
488
8513
6899
4591
7964
3555
4251
568
7983
3037
975
4042
5382
2924
8446
5254
3214
1129
3329
6531
1672
2435
9435
2411
1104
7407
1212
1390
3457
2764
3735
1410
8730
4381
1925
9299
7738
6322
6747
9256
7509
655
4361
2039
5260
3207
5581
3846
2789
924
6196
7887
3444
449
2300
6763
7653
8765
5496
254
5580
508
631
3419
7133
9942
2467
1128
3421
1321
6873
4704
5982
2860
7178
8292
1590
4762
7614
7506
7963
509
6723
2920
142
2658
3981
5237
844
7597
4721
4476
2318
3795
9329
6290
9905
9371
4143
9844
9190
1404
14
6547
7355
304
8218
7704
3096
3137
4317
9133
2149
6383
4552
1202
8975
8591
4225
3001
4524
3893
4474
2686
4739
6448
6880
4567
9788
1599
1960
7627
3120
5887
2017
8808
3449
6019
4248
9581
2980
3379
9143
4042
4990
1582
2139
4978
3083
9401
1163
6016
68
5360
5289
4820
169
6103
8512
8469
1614
2978
5698
515
4997
5170
4872
2828
3771
5963
1491
6069
3548
1922
2433
1729
7360
1929
1536
1079
7601
2418
188
4579
6304
6082
4800
8560
5770
1900
5383
9904
7197
9190
787
3279
6232
8747
6416
6155
7219
8998
7098
620
8311
2894
9637
3294
9006
7091
9748
3822
5504
7612
9158
9184
6744
7193
1650
3429
5652
270
3382
437
8709
838
927
9086
3149
9747
3635
9197
4954
5633
9868
6910
8106
404
1597
4960
1435
6336
2705
8751
4485
7242
5756
9966
3869
7148
4950
1755
6419
3259
394
8751
3959
7495
7248
7342
1108
6320
8030
5061
4435
5041
8842
3335
572
1848
6655
3410
5297
2704
6901
141
6248
5695
7035
2716
8439
31
8153
7069
5547
3488
1387
681
4397
6171
709
3876
8353
7234
7591
9862
9518
3617
9306
8503
4522
9191
6785
3297
9396
6051
275
4030
3886
1985
2311
1717
9193
5079
7247
1196
9861
6921
3434
6609
9758
1434
8348
6453
1891
5371
9968
590
893
4495
4853
77
2685
5977
6371
6708
5467
4456
7597
5915
6500
4022
3104
8673
9336
4460
5642
4781
5354
3795
1688
9296
5256
7402
3510
6431
6907
8883
2159
2571
283
3529
6783
3721
5366
9178
6582
6618
5444
3734
245
2614
8267
8292
4142
8875
136
2198
8605
7230
969
7542
1297
3038
1211
3782
3334
3230
1323
72
9001
4237
7934
8748
9890
3628
6086
1923
3750
5349
2545
9732
2276
4021
9949
8759
6348
9154
2465
9436
6221
1739
9497
6473
7465
4700
3810
3324
6331
2091
8134
5794
8013
9328
4048
8434
5228
9059
5529
1109
7382
1088
4903
3317
2214
8889
1136
1996
1852
392
8013
7597
926
9958
7190
8243
3078
8064
4390
4632
751
5854
6458
8109
4441
6615
7800
1826
2411
1005
5759
5214
390
7423
7701
7671
1979
6664
780
1499
1272
7511
6689
440
8367
9191
6086
527
6489
683
2635
2021
7784
4224
2196
3074
9395
9256
4744
5917
9479
9476
2965
983
7678
6175
869
7321
3361
2858
7918
8038
6788
4235
8709
2467
4306
7127
9342
7091
4062
5260
6588
4069
4201
6091
9921
1542
8408
6204
9741
3083
7757
1078
2727
434
9816
1463
6478
8064
1751
684
1131
3620
1848
2441
1208
4132
8498
5972
3341
2457
3435
1451
9480
1192
5555
249
1370
6805
6683
460
4461
9190
1405
5470
3697
6475
1410
3230
4635
8226
6541
3681
4996
1255
8400
1629
3496
7484
696
67
6831
1947
8361
5909
595
5245
4644
9876
1381
9094
2599
3866
6164
4687
8658
2834
2793
4765
7866
1836
3510
2616
1457
9284
873
5242
7843
1090
4137
4134
8604
4433
9166
8999
6226
8867
3246
8302
6618
2373
8750
1264
7795
238
7402
8208
8909
8108
5710
1065
2605
7766
3183
401
469
4954
5146
5970
3247
8653
7730
9724
6122
5564
4674
9593
1772
7104
2103
9653
3160
1933
7445
2446
164
1617
3705
957
2221
8451
8922
7980
6544
8525
3923
5155
870
3068
4439
5111
6826
445
427
5699
9004
9236
4335
4342
864
3259
8549
395
923
2242
4294
8870
5609
7765
3462
3560
8679
3296
5099
126
4362
3922
7323
5247
5285
2295
6525
3717
742
1255
891
8832
78
6531
1052
8626
1174
5153
8234
9223
4355
329
3666
925
3834
371
4274
3523
5452
2513
64
9091
4318
3399
7320
7965
1057
518
5990
8966
8747
9704
985
178
6672
6181
8164
4999
9008
8740
654
268
3196
7970
5778
9569
1660
4185
1759
410
2453
9872
7672
578
8712
6825
8048
8906
8340
9396
7721
5316
4701
9450
8024
7584
2114
9444
2976
4050
8460
2810
1490
3758
3600
9796
8865
8195
3394
4258
2073
1305
5960
5669
4259
3217
9534
5083
5330
7088
9556
3537
1973
8706
5972
1186
520
1147
4604
4383
4439
4513
7065
5576
9628
8343
8200
8498
990
857
9934
2712
5455
8484
4647
9413
3476
7863
8187
2917
1724
4541
4539
5298
916
7393
9357
1266
2556
8294
9794
4270
5654
2013
9446
5407
4794
7575
8216
5814
9868
9687
1129
8970
6200
3875
1124
5067
4861
1292
2334
827
8118
9281
3817
5131
7267
6936
1909
1519
1361
775
8317
4570
8802
4006
2021
2458
5717
8387
2525
5754
4816
202
1118
6747
4437
5404
8330
4745
5454
3349
2382
438
8508
1786
9916
955
4354
7036
9384
1773
4743
3730
2133
516
7257
2885
1933
3792
745
4682
1425
6990
4255
5906
2065
5818
4153
7957
4112
2787
6213
9777
4698
8012
1072
4128
4363
4949
7316
990
657
5318
7083
9133
1004
7401
7845
6276
3273
9915
8810
5761
4768
8263
8839
7622
7128
1443
5609
3383
1272
2715
9238
7137
7554
1094
2584
1306
2502
8772
6498
7887
2896
2820
4574
1059
6130
2352
1412
6634
2570
3892
6605
7413
6893
3405
5382
3776
2523
7449
5898
395
2408
657
3693
9343
4440
8163
999
4034
3668
3988
7836
6903
3989
7388
58
2710
1177
9466
5128
2827
317
4987
1840
4453
9074
773
9416
8963
2212
288
60
1307
1705
8669
5031
5204
9385
9596
6245
9550
1256
7123
8232
5760
2789
918
7844
4570
9940
21
9876
4226
8600
1306
4842
6324
7511
8859
991
3653
8219
4829
5591
1144
6010
8118
7741
390
5657
6081
8360
6937
7781
895
4976
6694
7796
190
1179
8922
8295
9170
1429
6241
6128
9143
1086
1898
4037
3616
4340
5513
8351
2601
3368
5159
2769
2710
1683
1887
394
1974
9632
5498
2167
1543
256
4238
6916
5510
1859
9435
4224
5488
6418
1496
8608
8495
614
6993
5919
6808
4173
2949
5478
2957
1199
2670
8991
8211
4507
7079
5813
5482
3767
3077
2850
6307
4329
9772
4240
2337
8194
6729
7358
9989
2383
1599
9674
8851
1099
1630
5358
6818
2790
7856
3855
1226
9601
7650
5195
3269
6153
740
1458
6372
6848
5888
6640
589
1199
7347
6870
4428
3042
4284
6684
3581
1137
2425
5404
1256
182
126
4841
3968
1159
6864
9373
7665
6205
1279
2481
3039
737
7589
9937
6542
5847
7495
9066
1620
8472
6484
3420
2181
4145
5192
7806
1313
9514
916
9658
1059
8792
756
8956
554
6144
4340
6549
7546
8465
5015
1718
4869
2497
3557
9350
254
5619
4688
6408
6445
6515
5336
1357
4473
6040
7385
4767
9671
9430
8971
1692
6240
4271
2939
3717
8214
3865
1625
612
2239
9065
1286
1030
7768
4320
7055
9699
8331
5377
2209
8919
6748
3061
3411
4243
6456
6595
1209
6307
8072
387
2614
6859
7958
2112
5057
7932
122
4930
9441
1670
7684
3252
9800
8466
7023
9846
4722
8014
7631
5746
5500
2130
3049
2641
9263
9043
7697
6703
7021
175
2787
5951
8315
2866
6703
863
7661
314
4299
1433
1490
6510
3179
4184
6241
3269
2343
6258
7689
6288
9971
4347
4034
7027
4327
5974
7892
7669
8912
9340
7894
282
6267
5581
3824
5182
3423
7640
7137
9600
4032
3260
9771
3165
6162
361
3866
5322
2117
9580
3312
3657
5772
4517
1545
9244
2351
2955
1815
1891
8739
8811
2771
3389
1122
9425
8280
831
1120
2824
8386
4203
6278
9078
3626
1705
6583
4570
2779
6487
2635
5203
5643
5534
378
3440
836
6273
9051
3370
4020
3475
7026
8719
1899
6167
9228
9915
7633
2616
8852
7122
5465
9330
1344
1118
8022
3266
6750
2377
6575
9693
9718
1634
5227
3105
8794
2875
9143
9237
9453
7606
8057
6569
5308
90
1103
8625
4911
5742
8495
600
8147
2389
3119
8603
9366
260
8556
7168
5277
4654
5786
1599
6280
7695
7397
5506
9969
1037
4442
493
2141
5659
4831
56
2505
3184
7779
4572
4984
9948
2734
2327
1405
2862
8905
2649
934
8538
2911
7545
8620
8517
4896
5138
2071
9819
7833
3498
8028
5406
6447
3685
6739
8341
6458
508
7888
2308
5089
7418
6193
4966
3850
3887
5784
5552
1975
6053
5038
4389
9493
8080
2740
6493
196
2701
5883
3778
5788
5981
8081
2955
9380
4941
2568
4374
3409
449
3023
4845
6501
5291
8667
7738
4992
5948
106
8538
9386
6207
1248
2725
4490
9694
3183
841
9311
1797
8394
8288
9021
8110
1363
5739
3000
469
7245
7789
2826
8876
2227
160
5343
3172
8577
8022
3807
9722
3093
2443
9707
461
6875
7537
7307
7756
8555
7107
226
9718
291
6908
1395
1006
9240
3431
9718
5585
9008
1830
685
5314
3472
7490
5702
1273
3188
3380
6318
6842
1177
2738
9988
7118
404
7237
8410
46
9625
8240
901
1992
7899
1796
2711
2042
2166
6255
1516
54
3949
3546
9365
5559
149
5226
8013
7513
9102
4312
8948
3908
5984
6736
3589
6492
4858
9199
7701
3865
3833
1252
5225
238
4744
4660
3252
9946
1458
2920
558
8077
2983
5002
5896
7963
6872
4394
2
8237
1314
3841
4219
5428
3898
8052
5212
602
4731
9205
2681
9226
3233
6086
8361
4183
5152
7437
7097
5420
1059
1986
2334
301
9616
6313
3602
6061
3756
9583
4671
8497
3959
1948
1408
9650
7478
1974
3283
6288
108
2257
8340
5341
4853
5558
5065
240
7519
1024
4040
2972
9124
7248
448
1036
7662
1404
6903
9881
5214
1731
311
6593
9781
4775
3580
1881
8974
6076
4
7734
6419
5381
3102
9407
2583
9716
4224
5957
4734
2075
48
4402
3211
8509
6648
348
4520
9401
7232
769
1453
559
8781
5100
4008
7194
3509
841
8526
5699
6753
3014
125
7830
4014
9680
6938
9816
757
4901
1814
9153
9159
6846
9666
6448
90
1744
8768
6064
6694
2299
4784
9334
8088
5765
4019
9267
4688
6322
8365
4587
8735
1739
1575
3444
7591
9668
7554
1332
3616
4440
7020
3263
4337
1262
633
7756
5373
5608
158
6535
764
186
1835
7900
7360
8925
2194
8699
6163
4640
9886
7580
6079
5183
1351
8339
3368
867
4148
6762
9856
8175
8215
8149
3757
8312
5768
7974
3612
8057
6200
6920
949
9547
3255
8584
3034
1337
9856
443
1792
9994
8887
447
1645
1869
6217
1560
4849
7027
3435
3548
7537
8588
2347
5386
1843
5869
5705
4
2070
1429
6807
2413
239
516
9480
5850
9355
9762
2819
1135
6309
6992
1451
9597
9942
1477
2948
4729
6913
8850
9
5576
4003
8987
7058
76
4470
2976
1134
9879
1255
9525
2870
755
5983
6221
6390
6314
1661
1757
2737
7744
9923
4112
7949
9445
5760
6040
1432
7402
1228
5049
8588
32
4347
6011
3385
1113
6299
8018
5194
5962
7404
7742
8859
1403
1717
9729
6495
4516
2995
1564
1433
3793
6262
9900
5471
3235
4539
6141
2645
1218
6506
4786
1810
7313
4213
1081
7328
3143
7713
7281
3205
1109
7623
2648
8135
1298
5907
7475
7517
9147
3830
233
8676
2473
841
694
8121
7232
2677
6346
3785
5133
7408
2191
185
8818
5103
308
5726
2498
6058
4868
2269
2057
1931
7016
1911
453
3894
3019
5228
8386
4103
4458
5946
4424
1527
4019
421
7274
5194
5329
3342
2697
8418
4877
5703
7496
8787
4466
1533
7225
651
8314
6978
8662
6838
2874
7389
6905
6990
1032
8448
5820
9979
73
9014
4381
22
6629
5765
4150
650
1931
4821
2352
9758
1542
8808
1819
7896
2146
5323
2061
4455
7473
9141
357
9443
865
8358
1121
6556
3028
6000
2604
2030
4983
3684
1308
4212
1327
9113
2723
7103
5933
6375
9156
3660
9161
5175
192
2578
5620
2060
7307
4618
1729
3223
226
9244
3500
1588
8144
855
663
344
205
658
2520
2276
3951
5823
8140
8539
8284
1195
1005
9038
4873
4237
1091
9555
7265
2835
8191
8619
7701
4495
1678
2185
5942
3191
5833
6723
6429
1454
1588
1469
2450
7125
3843
2475
5027
6970
4079
5967
6268
7800
7491
83
8012
7896
5195
8107
4143
6336
5094
1346
6781
3932
1413
1043
5158
7881
8485
2721
1235
5011
1794
95
14
58
4323
5100
7801
8926
5566
2689
1924
346
1942
5335
1088
9712
8374
7187
8797
7336
6123
8059
6584
9988
6543
5829
8585
4128
2686
3349
3754
500
4911
4384
3280
9637
4140
6886
5157
4166
2274
1199
6440
863
4592
4284
5132
4084
7246
9259
4744
7382
9879
6418
4412
899
6599
361
5216
826
874
2567
4837
1185
6868
6665
3752
6492
8936
7735
8116
4074
2771
1738
6342
8681
8838
3449
5686
5260
5506
2815
3030
6833
4950
8772
339
3057
4895
6306
7430
6266
2946
1826
6564
6026
7133
6327
4987
4255
56
4388
7477
1011
5509
7688
9691
5112
5558
9215
6540
9123
2209
1326
1033
3291
7196
7761
6554
5815
2222
9498
6352
4936
7956
6288
5584
9709
190
3294
9854
8086
8511
8773
5218
678
3267
6144
9863
5096
3031
6210
9858
3243
8953
3045
300
2386
5215
6676
3359
1729
5069
120
5481
6705
2604
5684
8706
9207
2248
892
3027
8129
3758
4978
2594
6611
5899
5244
514
9277
4714
1413
467
3944
215
3208
8887
9593
5898
8634
5354
888
4405
6256
9765
8277
192
8255
6844
6722
2456
7616
8121
8580
5029
5091
1821
8200
5589
8044
768
3520
2662
4375
5574
7544
968
1637
4324
5255
1682
4458
3662
6741
4098
9429
3794
1508
7516
2857
5200
651
5946
2680
8732
5000
7022
4838
6978
4922
3637
9779
4034
9074
8419
795
4686
3014
3052
8285
1494
1622
6752
6081
5466
6403
2612
8324
695
9004
1087
9502
22
1186
1821
8241
9621
1439
1372
672
1066
2741
4211
3508
1404
7820
1511
6077
1541
9091
355
4094
1579
7110
3109
7262
7824
1670
5227
6427
6135
4403
2154
6587
467
7153
1697
4814
8583
2176
6373
4654
8252
8199
6237
7136
7309
3463
4513
3287
9803
8910
5447
8611
4159
948
1185
4544
7572
6277
8330
4622
822
429
1323
1905
329
3939
3053
8575
2875
2782
8376
7804
2682
1281
2821
1959
7747
8735
1113
9616
209
205
6870
3667
9111
299
7458
9816
9983
1015
8629
2869
3749
509
2300
4090
8048
4711
5943
2753
2956
8711
8556
7992
1839
774
7940
5227
6494
2512
2021
1737
8396
6517
8700
430
6727
687
1534
1585
7568
3407
7641
4136
495
3948
7117
5583
802
4262
2016
5883
3839
2909
7016
1909
4691
3344
3485
9394
3708
6558
1817
2364
8221
1437
1812
4692
1440
7112
6150
6555
381
8442
2613
1769
5611
6528
2239
1791
27
3092
7136
4722
1066
6991
1794
7859
2156
3152
8544
6427
3989
9496
9667
6965
2735
9484
9593
9765
7065
6818
4737
573
2422
6144
4158
6586
9343
6116
8284
1466
5273
8743
6223
1792
4917
284
2195
1363
6455
4786
9480
3736
7477
6104
9245
7620
7743
7735
9520
6688
782
4459
8439
7141
2624
6469
3713
7082
9187
2980
1111
4441
7381
9249
1265
6198
4568
2493
4158
9661
5342
8058
2119
7997
6543
9357
7623
3627
5909
3764
2657
3962
4569
3874
1473
6917
7666
1888
3380
3357
5752
5227
5299
8941
7794
4809
9367
1972
2990
4486
4640
8457
5258
9277
6543
792
6354
6308
7746
4245
6989
6163
5429
2485
133
1908
2333
2878
2377
3854
5604
9516
3631
5303
3525
5196
9963
6597
558
1119
4573
7377
6937
4843
7773
6825
7218
1260
1849
5808
3741
7261
4155
2911
4900
6490
696
1455
1867
7011
1279
2588
8484
1848
660
7132
1163
4881
9764
6327
1844
5862
6021
6349
7000
5132
9821
7898
1978
68
3453
18
833
5195
3568
3068
1145
5417
5652
8638
52
2088
9357
1410
5466
3978
5938
7270
8426
3034
714
2268
8055
4082
2222
9242
2636
4925
9783
5220
354
2471
6540
2654
6472
8893
832
9512
7430
4800
4314
3068
8165
7183
7481
3402
3079
5237
6290
9592
5077
4263
4267
682
4389
2266
8468
8031
2095
1690
8099
2681
3748
1768
1340
994
9241
9076
2057
6236
2056
7831
5656
2814
1028
3049
2814
3239
2148
3088
8183
390
5061
3743
2315
8965
838
8904
2459
8407
7969
8851
1715
9507
3842
4683
8960
2675
8792
3536
6305
2466
758
1921
2183
6822
8512
7554
1097
6573
9450
4940
2033
6394
6258
9261
3205
7222
5966
1959
4164
7287
7406
7521
3123
7019
8514
7523
2605
8195
8679
5121
46
7779
4379
5450
6270
7445
3148
7524
5693
5304
6107
4684
9897
7888
2817
9550
9598
1004
6665
4162
4484
1598
3409
9602
8311
1578
6819
5106
3317
3636
8989
8014
8757
910
1922
9754
9692
4951
9729
3978
6539
9132
6599
4396
6988
559
9430
2173
9263
4900
4481
3110
569
476
2549
6062
4177
162
7387
5819
8279
405
1338
4711
1761
9634
852
5318
2945
8844
5341
9921
1289
9247
6885
2688
4873
6430
1002
4574
9608
3242
1774
4283
8040
9499
4514
2024
1447
3618
6937
3486
3076
2760
5605
2806
94
3645
7748
6460
2026
5155
5397
4260
3161
8154
6307
6680
926
3823
223
5561
3184
6676
4026
6892
199
7368
5313
7759
5543
2269
1672
8368
7509
8263
5464
9984
1781
1049
9562
1119
1300
9436
8615
5366
6069
871
2439
3808
5705
4434
3480
3941
3347
113
4841
852
3801
8079
321
1723
508
7804
2979
3515
7123
5393
8180
7089
5346
5030
1044
8517
8186
7702
5204
6506
3556
1451
1472
9850
2850
7489
614
3176
5250
3876
2849
220
4566
1886
5290
4398
428
6484
4385
1698
5402
5646
304
607
6322
4775
2474
4748
288
8759
127
9021
2261
5937
9055
7084
8569
5278
9860
1283
8388
5883
2711
8241
2181
2335
9104
8035
9508
4799
9096
826
7684
6277
6485
4801
9901
7139
9950
7967
7232
6482
5901
4958
9609
2792
3266
3018
1491
4522
5802
4466
5617
9715
4312
7894
8229
4326
1704
5997
2826
5893
292
4268
7441
189
8812
8406
514
8379
5872
7973
229
3137
6758
3027
9577
5632
4775
5190
6475
2509
9992
367
5550
3117
214
3824
1640
5381
3536
4338
8704
734
2939
3007
6353
1209
4029
9130
9858
759
4135
2458
4941
8293
3779
3325
9986
6533
2177
9531
4327
3063
3405
2784
4904
7356
4101
8594
5524
2540
3970
8678
8508
3583
4838
5867
1327
5641
1375
1902
4945
1182
4405
5320
6311
6076
7097
5229
2223
4496
6061
9860
8815
9600
3321
3517
8098
2699
3853
4845
3146
9619
207
1538
1533
6625
6468
7764
4357
2605
6203
3606
3769
3339
7804
9516
5128
7936
401
6807
7819
4487
9522
2655
2058
5128
4904
6718
3539
3651
4006
2195
605
2624
3925
3682
857
3999
120
7559
6243
5621
2238
5813
3204
4595
77
7595
1412
3047
4288
5035
738
8324
954
3508
2885
1599
1781
8880
1668
5974
7150
7144
9178
972
6888
6190
9288
8228
1930
2873
408
616
75
9457
8573
5908
3565
768
2651
7796
5661
9821
2069
4197
8601
9797
5401
6680
5596
1012
1421
3870
1774
7051
5856
9038
1948
7108
1629
1407
5338
8
9908
5204
7169
9113
6378
5898
3876
9014
2128
705
9097
6379
9117
1921
8860
4949
190
4386
1841
126
7543
5216
7330
1292
9347
1204
1559
9914
666
3309
7797
3465
5358
1641
866
4614
6993
2505
1593
9355
4200
6155
3100
9922
3118
1276
9422
267
5392
8572
3088
9966
2386
5731
4450
5203
7788
1085
760
4019
9523
7842
228
7085
872
1312
4543
321
2373
1328
4993
7112
9728
4632
9065
7073
1894
5784
253
1961
8013
9388
8726
2527
4728
8726
8932
9942
5129
8615
9282
3272
8783
6844
9124
7710
7973
2007
1750
3916
2543
9077
9907
3948
4003
1525
6061
5769
8884
8327
5639
8263
1435
2812
4728
8599
8539
5483
2483
5227
6881
3726
6294
606
2785
5731
4210
9432
6456
5721
1699
3376
3878
745
2620
983
4480
5358
4812
3936
406
9149
925
3544
1222
8646
240
7756
2653
565
2203
6492
8105
8682
7957
2679
8635
8259
6367
6767
2941
36
2756
7735
1182
9133
7229
6439
2078
1976
1459
340
4441
707
5995
3061
8541
3357
3156
962
5950
3061
9198
6059
6760
5987
7493
6629
2277
5062
1480
2651
4258
9708
6924
2437
9896
3965
4169
2297
2111
7161
6288
9187
8491
5486
5710
1250
8857
8860
4182
4280
5398
1169
3869
2648
1929
5977
9606
3627
6090
9033
6483
5216
6414
4675
4202
2565
5473
9746
1249
8313
8523
376
9727
3759
8246
2335
234
9878
9334
6373
2620
3051
5948
6300
1269
9693
7647
2393
7367
4743
3528
1093
6199
7216
3641
3301
8277
2274
6081
4588
8378
3492
6631
6682
3281
6489
1836
9785
6035
8615
9007
2907
9254
5325
4173
5398
876
8061
8798
853
5057
3707
3604
2515
1129
9376
8211
8761
3559
2777
7974
4226
2672
6412
5689
993
8739
9465
867
3635
7251
6005
3741
6285
3917
2991
3970
6848
8712
3980
3755
1296
2892
3546
3263
2057
6548
8186
7874
6060
2588
9736
8507
6350
1383
4698
6889
1519
7153
4399
9373
3313
1514
327
4361
9037
3105
4904
8321
7914
191
7533
8444
7332
1420
2699
6037
5576
2421
6494
5251
8133
422
9498
4756
9937
4692
6777
2271
9788
1018
9076
9206
7887
9071
9469
1710
4462
7650
4151
9529
1851
2148
6044
8087
7575
7479
3414
6241
3662
7647
9860
3042
5129
5496
6011
3784
1774
2590
2704
8523
6638
9399
6925
5242
5269
8120
3137
3575
9814
84
2325
1315
3711
8790
5497
3732
29
1850
7811
9921
8448
2117
9112
8200
4432
8389
1913
1305
6428
9873
2091
3671
5585
9518
2296
9709
4633
4135
7933
6642
3813
6181
1094
5119
5327
6605
7971
5993
6022
5837
6729
6611
8338
9877
2320
7400
5442
371
9009
5445
810
1575
1121
2898
7055
9732
7814
3704
3630
469
6237
6062
4654
2570
5759
249
385
686
8814
1872
9318
2465
5636
7885
9584
2962
9860
3432
4090
5659
8113
9204
98
5505
1758
5985
6114
5724
2795
2620
9881
5170
8520
4594
5448
4986
6897
6036
9062
3544
7645
1994
4756
9090
8985
7889
8947
7291
1704
6316
4130
6491
5472
9039
8041
403
9873
4217
4227
1260
6342
7781
1086
8326
9314
2278
745
8653
9181
3390
7294
2690
8966
3831
5519
5357
519
1849
4378
7379
771
211
4165
1019
8951
893
7936
5111
9659
1106
4236
5914
9398
5544
4368
5627
6068
2575
7051
2696
9504
6636
6004
9831
2848
9910
9484
8128
6484
304
4723
7929
2401
3795
7106
8173
9742
6718
1246
4807
1594
3528
1984
1011
3537
8897
8881
2351
7099
8573
4731
9309
7088
3913
306
9095
8042
5788
435
620
3319
8704
8713
7676
1817
1862
1216
124
4110
657
9800
5476
4899
7833
945
2786
3599
9777
2773
9244
9405
1172
6547
2240
9219
9088
8900
9471
2560
8660
8432
5079
9365
3366
5924
5310
6347
9091
6885
3621
7610
1253
7831
2879
1829
2821
1016
447
4036
4036
5296
6259
5956
9586
9988
1424
486
2371
6915
8345
755
4897
1547
2820
8028
116
9587
7657
9006
2751
7236
2470
9124
1405
993
1319
1913
2864
4091
2959

Maximum: 10000
Minimum: 1
Average: 5002,8297
